CC_Throughput_set_threads_number1
1 67856.2 0.0
10 152575.7 0.1
50 158768.3 0.3
100 161628.8 0.6
200 161133.2 1.1
300 208662.9 1.3
400 169589.8 2.1
500 162275.2 2.9
600 170853.1 3.1
700 169670.1 3.6
800 170698.3 4.2
900 177343.9 4.6
1000 186841.4 4.7
CC_Throughput_set_threads_number2
1 65566.3 0.0
10 136100.8 0.1
50 147250.4 0.3
100 163738.4 0.6
200 158991.0 1.2
300 142827.8 2.1
400 140397.6 2.8
500 145795.0 3.4
600 152125.0 3.8
700 134394.1 5.1
800 147112.0 5.3
900 131551.8 6.7
1000 145537.5 6.7
CC_Throughput_set_threads_number3
1 63951.4 0.0
10 134526.2 0.1
50 137191.1 0.4
100 137618.8 0.7
200 159139.1 1.2
300 143931.6 2.0
400 138025.3 2.8
500 136830.2 3.6
600 145058.2 4.1
700 153435.1 4.5
800 159956.0 4.9
900 144003.7 6.1
1000 151368.1 6.4
CC_Throughput_set_threads_number4
1 51649.1 0.0
10 139467.6 0.1
50 132907.5 0.4
100 149740.1 0.7
200 134454.9 1.5
300 145105.6 2.0
400 147217.5 2.7
500 140818.3 3.5
600 150618.3 3.9
700 134860.4 5.1
800 150919.8 5.2
900 149191.0 5.9
1000 133930.1 7.3
CC_Throughput_set_threads_number10
1 73783.9 0.0
10 144038.0 0.1
50 130876.3 0.4
100 137633.0 0.7
200 154889.5 1.3
300 133150.6 2.2
400 156290.9 2.5
500 136124.0 3.6
600 151510.5 3.9
700 155300.4 4.4
800 156886.9 5.0
900 133153.8 6.6
1000 134081.7 7.1
CC_Throughput_set_threads_number20
1 48944.1 0.0
10 147881.7 0.1
50 142530.3 0.3
100 153669.8 0.6
200 148671.3 1.3
300 136204.3 2.2
400 152683.4 2.6
500 147711.6 3.3
600 147308.3 4.0
700 134952.1 5.1
800 154080.4 5.1
900 158839.9 5.5
1000 159039.0 5.7
CC_Throughput_set_threads_number30
1 54385.9 0.0
10 132680.4 0.1
50 140568.3 0.3
100 134011.0 0.7
200 162159.8 1.2
300 137311.1 2.2
400 150034.3 2.6
500 157796.8 3.1
600 134259.2 4.4
700 134956.3 5.1
800 148007.5 5.3
900 148322.4 5.7
1000 139337.8 6.3
CC_Throughput_set_threads_number40
1 62392.7 0.0
10 130613.8 0.1
50 149929.0 0.3
100 160958.4 0.6
200 160085.6 1.2
300 150717.3 2.0
400 135793.4 2.9
500 135340.5 3.6
600 133927.8 4.4
700 137603.7 5.0
800 137142.2 5.8
900 131235.3 6.2
1000 146569.0 5.7
CC_Throughput_set_threads_number50
1 51587.2 0.0
10 143432.6 0.1
50 157566.9 0.3
100 154079.4 0.6
200 148216.9 1.3
300 150060.9 2.0
400 145585.1 2.7
500 149423.0 3.3
600 144201.9 4.1
700 148530.1 4.6
800 149290.4 5.1
900 141022.1 5.6
1000 149093.5 5.5
CC_Throughput_set_threads_number60
1 54716.3 0.0
10 129378.8 0.1
50 156810.3 0.3
100 152224.5 0.6
200 146784.2 1.4
300 152082.9 2.0
400 135099.8 2.9
500 149166.4 3.3
600 134857.4 4.4
700 135197.2 5.1
800 129249.3 5.6
900 134254.1 5.6
1000 149452.4 5.3

CC_Throughput_get_threads_number1
1 80619.1 0.0
10 161531.4 0.1
50 167175.2 0.3
100 167211.7 0.6
200 166841.6 1.2
300 167073.3 1.8
400 173060.1 2.3
500 168373.7 2.9
600 171933.4 3.4
700 168199.4 4.0
800 169011.3 4.6
900 163647.7 5.3
1000 173500.5 5.6
CC_Throughput_get_threads_number2
1 56972.6 0.0
10 141549.6 0.1
50 150111.2 0.3
100 156315.5 0.6
200 152488.0 1.3
300 142397.3 2.1
400 143887.7 2.7
500 151150.4 3.2
600 153327.2 3.8
700 140942.1 4.9
800 154926.8 5.1
900 138073.6 6.4
1000 156102.4 6.2
CC_Throughput_get_threads_number3
1 62291.4 0.0
10 146792.6 0.1
50 135393.2 0.4
100 154722.8 0.6
200 151332.2 1.3
300 153903.0 1.9
400 149640.4 2.6
500 141774.3 3.5
600 147909.5 4.0
700 152638.5 4.5
800 153978.9 5.1
900 155841.5 5.7
1000 143375.3 6.8
CC_Throughput_get_threads_number4
1 62851.9 0.0
10 144139.3 0.1
50 150485.8 0.3
100 139591.9 0.7
200 143347.7 1.4
300 159812.7 1.8
400 143945.6 2.7
500 151051.3 3.3
600 148643.6 4.0
700 150798.7 4.6
800 138568.4 5.7
900 150867.0 5.8
1000 150944.2 6.5
CC_Throughput_get_threads_number10
1 57411.6 0.0
10 149815.7 0.1
50 154520.9 0.3
100 157194.0 0.6
200 159928.1 1.2
300 154321.8 1.9
400 144110.1 2.7
500 143209.1 3.4
600 161334.8 3.7
700 161412.8 4.3
800 138163.6 5.7
900 162650.9 5.4
1000 161743.9 5.9
CC_Throughput_get_threads_number20
1 70397.4 0.0
10 151640.3 0.1
50 157242.4 0.3
100 146694.6 0.7
200 135545.9 1.5
300 156197.4 1.9
400 151674.6 2.6
500 152884.4 3.2
600 152661.0 3.9
700 137448.3 5.0
800 157789.1 5.0
900 150230.8 5.9
1000 161975.3 5.6
CC_Throughput_get_threads_number30
1 57184.7 0.0
10 135667.2 0.1
50 152385.9 0.3
100 142645.9 0.7
200 164481.9 1.2
300 155196.7 1.9
400 155371.4 2.6
500 162735.6 3.0
600 107420.4 5.5
700 163914.1 4.2
800 158271.4 5.0
900 150413.4 5.7
1000 154934.2 5.7
CC_Throughput_get_threads_number40
1 61767.3 0.0
10 147920.9 0.1
50 157966.4 0.3
100 159422.1 0.6
200 149262.3 1.3
300 161796.5 1.8
400 158870.9 2.5
500 164532.5 3.0
600 153043.7 3.9
700 161449.1 4.3
800 159869.1 4.9
900 137902.4 5.9
1000 156744.6 5.4
CC_Throughput_get_threads_number50
1 68608.0 0.0
10 145757.9 0.1
50 151626.8 0.3
100 154016.0 0.6
200 160977.9 1.2
300 162932.2 1.8
400 161828.2 2.4
500 152441.1 3.3
600 158610.6 3.7
700 156559.0 4.4
800 164491.3 4.6
900 152792.6 5.1
1000 161115.8 5.1
CC_Throughput_get_threads_number60
1 74416.9 0.0
10 126658.8 0.1
50 152091.3 0.3
100 148126.6 0.7
200 159214.0 1.3
300 152603.8 2.0
400 136233.2 2.9
500 156050.4 3.2
600 150181.9 4.0
700 151676.5 4.6
800 155544.2 4.6
900 153267.5 4.9
1000 157933.5 5.0

Throughput_Latency_set_threads_number1
 9999.7 0.1
 19994.9 0.2
 29984.9 0.2
 39970.5 0.2
 49952.0 0.2
 59925.2 0.3
 69903.7 0.3
 79863.2 0.3
 89848.2 0.3
 99803.9 0.4
 109748.3 0.4
 119675.9 0.5
 129668.8 0.5
 139585.5 0.5
 149523.8 0.7
 159279.4 0.8
 169294.9 0.8
 179276.8 1.1
 188994.8 1.4
 198878.2 2.1
 208938.1 0.7
 215581.2 2.8
 209458.9 2.9
 197821.0 3.4
 207948.1 2.7
Throughput_Latency_set_threads_number2
 9999.7 0.1
 19994.9 0.1
 29986.9 0.1
 39970.5 0.2
 49953.0 0.2
 59926.2 0.2
 69904.4 0.2
 79863.3 0.3
 89834.3 0.2
 99804.6 0.3
 109750.7 0.3
 119708.3 0.4
 129670.2 0.4
 139584.8 0.4
 149527.2 0.5
 159491.4 0.6
 169383.3 0.9
 179280.2 1.3
 185174.0 2.7
 189925.2 4.1
 207213.9 3.9
 195044.9 4.7
 192406.3 5.3
 191040.6 4.4
 185417.2 4.9
Throughput_Latency_set_threads_number3
 9999.7 0.1
 19994.9 0.1
 29986.9 0.1
 39970.5 0.1
 49949.0 0.1
 59926.9 0.2
 69904.5 0.2
 79863.5 0.2
 89851.8 0.3
 99805.2 0.3
 109750.8 0.3
 119708.3 0.4
 129671.5 0.4
 139591.3 0.5
 149527.4 0.5
 159493.7 0.8
 169383.0 1.8
 179078.6 0.7
 179857.4 4.9
 182447.6 5.1
 184119.2 5.0
 193928.6 4.3
 199272.0 5.9
 192343.4 6.7
 180278.6 5.4
Throughput_Latency_set_threads_number4
 9999.9 0.1
 19995.0 0.1
 29986.8 0.1
 39970.6 0.2
 49953.0 0.2
 59926.9 0.2
 69904.6 0.3
 79874.8 0.3
 89852.1 0.3
 99805.5 0.3
 109750.5 0.4
 119708.3 0.4
 129671.9 0.5
 139591.2 0.6
 149527.2 1.0
 159494.2 1.2
 169383.7 1.2
 175968.0 3.9
 185965.9 4.8
 196530.6 3.5
 184526.2 5.9
 180088.5 5.6
 178698.9 5.7
 191273.7 5.3
 187705.7 6.0
Throughput_Latency_set_threads_number10
 9999.7 0.1
 19994.9 0.1
 29985.1 0.2
 39970.5 0.2
 49952.8 0.2
 59926.8 0.2
 69904.6 0.3
 79876.6 0.3
 89835.7 0.3
 99785.1 0.4
 109747.2 0.4
 119708.3 0.4
 129606.6 0.5
 139546.2 0.6
 149349.1 0.8
 159493.2 0.5
 169382.5 1.6
 179261.8 1.2
 188060.9 2.6
 198564.9 1.9
 188303.1 3.3
 178649.7 3.1
 185750.0 3.5
 181622.2 3.3
 184075.5 3.6
Throughput_Latency_set_threads_number20
 9999.7 0.1
 19994.9 0.1
 29986.9 0.1
 39970.5 0.2
 49952.9 0.2
 59926.7 0.2
 69903.4 0.3
 79876.2 0.3
 89834.9 0.4
 99805.0 0.3
 109750.3 0.4
 119707.9 0.4
 129667.8 0.4
 139584.8 0.4
 149526.5 0.6
 159492.3 0.8
 169382.1 0.8
 179137.4 1.6
 189104.3 1.7
 197699.3 2.0
 188868.8 2.9
 176490.3 3.2
 178581.8 3.0
 183206.5 2.9
 193523.6 3.0
Throughput_Latency_set_threads_number30
 9999.7 0.1
 19994.9 0.1
 29985.1 0.1
 39970.4 0.2
 49952.5 0.2
 59919.3 0.2
 69894.5 0.2
 79863.0 0.3
 89819.6 0.3
 99805.0 0.3
 109749.9 0.4
 119618.5 0.3
 129639.5 0.5
 139554.6 0.4
 149348.3 1.0
 158750.9 0.8
 169382.4 1.6
 179276.8 1.6
 187981.3 2.2
 183014.9 2.9
 175261.7 3.5
 180089.0 3.0
 180039.8 2.9
 180011.2 3.0
 179231.2 3.3
Throughput_Latency_set_threads_number40
 9999.7 0.1
 19994.9 0.1
 29985.1 0.1
 39970.6 0.2
 49953.0 0.2
 59926.8 0.2
 69904.3 0.2
 79876.6 0.3
 89835.2 0.3
 99765.5 0.3
 109750.8 0.3
 119707.8 0.4
 129672.2 0.4
 139549.0 0.7
 149527.2 0.9
 159447.5 0.8
 169380.4 1.6
 179136.3 2.2
 178629.0 3.0
 176566.5 3.3
 169478.6 3.5
 164632.4 3.3
 170811.8 4.0
 158475.0 3.4
 175918.6 3.2
Throughput_Latency_set_threads_number50
 9999.9 0.1
 19994.9 0.1
 29985.1 0.1
 39970.4 0.2
 49953.0 0.2
 59926.7 0.2
 69904.6 0.2
 79875.7 0.3
 89835.3 0.3
 99805.4 0.3
 109750.8 0.3
 119647.3 0.4
 129636.4 0.4
 139544.9 0.5
 149480.7 0.7
 159444.2 1.3
 161865.4 2.0
 174175.1 2.4
 166258.4 3.1
 158929.9 3.2
 163298.6 3.2
 179909.2 4.3
 174493.0 3.6
 184114.0 3.1
 161815.6 3.2
Throughput_Latency_set_threads_number60
 9999.7 0.1
 19994.9 0.1
 29985.1 0.1
 39970.6 0.1
 49952.9 0.2
 59926.9 0.2
 69904.7 0.2
 79863.8 0.2
 89835.8 0.3
 99805.1 0.3
 109750.6 0.3
 119618.7 0.4
 129572.7 0.5
 139549.2 0.4
 149527.7 0.5
 159456.0 1.6
 167012.7 2.5
 177593.7 2.7
 180130.6 2.8
 170556.2 3.0
 159140.4 3.2
 163130.4 3.3
 192750.2 3.1
 167213.5 3.2
 181110.3 3.1

Throughput_Latency_get_threads_number1
 9999.9 0.1
 19994.8 0.2
 29985.0 0.2
 39970.1 0.2
 49947.9 0.2
 59926.2 0.3
 69904.2 0.3
 79861.2 0.3
 89847.5 0.3
 99803.4 0.3
 109749.0 0.4
 119708.7 0.4
 129636.0 0.5
 139510.5 0.5
 149509.5 0.5
 159490.0 0.6
 169319.4 0.6
 179276.9 0.9
 189174.7 1.3
 196483.4 3.6
 200399.0 3.6
 196573.9 5.8
 195500.4 6.7
 211116.5 3.7
 199679.7 5.5
Throughput_Latency_get_threads_number2
 9999.7 0.1
 19995.0 0.1
 29987.0 0.1
 39970.5 0.1
 49952.8 0.2
 59926.8 0.2
 69895.4 0.2
 79876.4 0.2
 89835.4 0.3
 99783.1 0.3
 109747.9 0.4
 119707.8 0.3
 129671.8 0.3
 139590.1 0.3
 149528.0 0.3
 159487.6 0.4
 169384.0 0.4
 178638.1 2.6
 182470.5 4.5
 199084.0 1.8
 184136.0 4.6
 185902.5 6.9
 192037.2 3.2
 187825.0 4.2
 197661.0 3.3
Throughput_Latency_get_threads_number3
 9999.9 0.1
 19994.9 0.1
 29986.9 0.1
 39970.5 0.1
 49953.1 0.2
 59926.8 0.2
 69904.9 0.2
 79863.6 0.3
 89852.3 0.3
 99805.2 0.3
 109751.1 0.3
 119708.6 0.4
 129639.9 0.4
 139545.4 0.4
 149478.8 0.4
 159493.2 0.5
 169264.0 0.5
 176599.0 2.7
 184381.6 6.4
 188772.7 4.3
 189206.6 4.8
 203727.9 4.5
 206252.9 5.7
 188710.6 10.3
 206724.3 7.7
Throughput_Latency_get_threads_number4
 9999.7 0.1
 19994.9 0.1
 29985.2 0.1
 39970.6 0.1
 49953.1 0.2
 59926.9 0.2
 69904.7 0.2
 79876.5 0.3
 89835.8 0.3
 99805.5 0.3
 109702.0 0.4
 119708.8 0.3
 129640.3 0.4
 139549.5 0.4
 149516.1 0.4
 159341.2 0.7
 169383.9 0.6
 177822.7 2.6
 188157.7 2.1
 198477.5 2.7
 192235.0 4.9
 196206.8 6.0
 196567.4 6.9
 203401.0 6.6
 187595.6 5.9
Throughput_Latency_get_threads_number10
 9999.9 0.1
 19994.9 0.1
 29985.1 0.1
 39970.5 0.2
 49953.0 0.2
 59926.9 0.2
 69904.6 0.3
 79863.4 0.3
 89836.3 0.4
 99805.6 0.3
 109750.0 0.4
 119707.8 0.4
 129639.5 0.5
 139512.8 0.5
 149517.9 0.6
 159492.5 1.4
 169311.5 1.6
 179279.5 1.1
 189100.5 2.0
 191242.7 2.7
 171551.9 3.4
 191395.8 2.9
 157740.7 3.7
 172773.9 3.7
 187712.9 3.8
Throughput_Latency_get_threads_number20
 9999.9 0.1
 19994.9 0.1
 29985.1 0.1
 39970.4 0.2
 49952.8 0.2
 59926.7 0.2
 69904.5 0.2
 79863.6 0.3
 89851.8 0.4
 99805.2 0.3
 109750.6 0.4
 119708.6 0.4
 129672.6 0.4
 139551.8 0.5
 149527.0 0.5
 159492.8 0.5
 169383.2 0.5
 172968.5 2.9
 189182.3 0.9
 193829.9 2.6
 190338.7 2.7
 194683.2 2.9
 199139.5 2.9
 167791.8 3.4
 194725.1 3.0
Throughput_Latency_get_threads_number30
 9999.9 0.1
 19994.9 0.1
 29985.1 0.1
 39970.4 0.1
 49952.6 0.2
 59926.9 0.2
 69904.5 0.2
 79850.6 0.2
 89835.6 0.3
 99805.3 0.3
 109750.9 0.3
 119707.9 1.1
 129605.8 2.0
 139554.5 0.4
 149527.6 0.4
 159444.5 0.4
 169381.5 0.5
 179273.7 1.1
 189142.7 1.3
 198872.2 1.4
 208946.0 1.5
 188170.8 3.7
 157570.1 3.2
 194006.7 3.8
 168664.4 3.3
Throughput_Latency_get_threads_number40
 9999.9 0.1
 19994.9 0.1
 29985.2 0.1
 39970.5 0.1
 49952.3 0.2
 59926.8 0.2
 69904.2 0.3
 79863.4 0.3
 89849.8 0.3
 99805.1 0.3
 109751.0 0.3
 119675.5 0.4
 129638.8 0.5
 139590.0 0.4
 149522.8 0.5
 159491.8 0.5
 169382.1 0.5
 179018.9 0.9
 189179.5 1.1
 198881.1 1.5
 173274.0 3.4
 168159.4 3.0
 179409.9 3.0
 202225.4 2.8
 184623.8 3.4
Throughput_Latency_get_threads_number50
 9999.7 0.1
 19994.9 0.1
 29985.3 0.1
 39970.4 0.2
 49948.3 0.2
 59926.9 0.2
 69904.8 0.2
 79850.6 0.3
 89836.3 0.3
 99765.8 0.3
 109726.6 0.3
 119708.9 0.3
 129640.4 0.4
 139591.0 0.4
 149393.1 0.4
 159447.6 0.4
 169325.6 0.5
 179281.3 1.1
 189182.4 1.3
 182909.6 2.7
 173052.5 3.3
 218822.8 1.9
 178206.2 3.4
 177940.6 3.6
 197887.3 3.9
Throughput_Latency_get_threads_number60
 9999.9 0.1
 19994.9 0.1
 29985.1 0.1
 39970.5 0.2
 49953.1 0.2
 59926.4 0.2
 69894.6 0.2
 79876.7 0.2
 89819.8 0.3
 99804.9 0.3
 109750.9 0.3
 119708.8 0.3
 129633.9 0.4
 139512.0 0.4
 149526.9 0.4
 159445.0 0.5
 169322.4 1.0
 179280.0 1.0
 189172.9 1.4
 143730.4 3.5
 191068.3 2.7
 215352.3 2.0
 169137.9 2.9
 181687.8 3.4
 186295.6 3.4
