1 98948.0
3 93407.3
5 98947.6
7 98957.6
9 98927.2
11 98908.6
13 98956.8
15 98947.2
17 95419.2
19 92262.6
21 97469.8
23 83933.0
25 97574.3
27 97952.5
29 98897.0
31 98898.6
33 98051.0
35 98918.3
37 98927.6
39 98496.8
41 70931.6
43 98821.1
45 98879.6
47 98966.6
49 98927.4
51 98918.3
53 97909.7
55 98888.6
57 98337.4
59 98712.3
61 98174.3
63 98928.2
 98928.4
 98977.2
 98996.4
 98987.0
 98967.4
 98987.4
 98908.5
 98986.9
 98967.9
 98977.3
 98958.1
 98976.8
 98947.7
 41770.7
 46040.3
 2049.0
 2123.7
 1727.5
 44694.7
 46925.6
 45319.9
 44574.2
 49493.3
 48378.2
 41544.6
 48015.7
 46956.8
